(kicad_pcb
	(version 20240108)
	(generator "pcbnew")
	(generator_version "8.0")
	(general
		(thickness 1.6)
		(legacy_teardrops no)
	)
	(paper "A4")
	(title_block
		(title "SMPBR - Fluorometer LED 10W")
		(date "2024-11-22")
		(rev "${VERSION}")
		(company "TrendBit s.r.o.")
		(comment 1 "Designed by: Petr Malaník")
	)
	(layers
		(0 "F.Cu" signal)
		(31 "B.Cu" signal)
		(32 "B.Adhes" user "B.Adhesive")
		(33 "F.Adhes" user "F.Adhesive")
		(34 "B.Paste" user)
		(35 "F.Paste" user)
		(36 "B.SilkS" user "B.Silkscreen")
		(37 "F.SilkS" user "F.Silkscreen")
		(38 "B.Mask" user)
		(39 "F.Mask" user)
		(40 "Dwgs.User" user "User.Drawings")
		(41 "Cmts.User" user "User.Comments")
		(42 "Eco1.User" user "User.Eco1")
		(43 "Eco2.User" user "User.Eco2")
		(44 "Edge.Cuts" user)
		(45 "Margin" user)
		(46 "B.CrtYd" user "B.Courtyard")
		(47 "F.CrtYd" user "F.Courtyard")
		(48 "B.Fab" user)
		(49 "F.Fab" user)
		(50 "User.1" user)
		(51 "User.2" user)
		(52 "User.3" user)
		(53 "User.4" user)
		(54 "User.5" user)
		(55 "User.6" user)
		(56 "User.7" user)
		(57 "User.8" user)
		(58 "User.9" user)
	)
	(setup
		(stackup
			(layer "F.SilkS"
				(type "Top Silk Screen")
				(color "Black")
			)
			(layer "F.Paste"
				(type "Top Solder Paste")
			)
			(layer "F.Mask"
				(type "Top Solder Mask")
				(color "White")
				(thickness 0.01)
			)
			(layer "F.Cu"
				(type "copper")
				(thickness 0.035)
			)
			(layer "dielectric 1"
				(type "core")
				(thickness 1.51)
				(material "FR4")
				(epsilon_r 4.5)
				(loss_tangent 0.02)
			)
			(layer "B.Cu"
				(type "copper")
				(thickness 0.035)
			)
			(layer "B.Mask"
				(type "Bottom Solder Mask")
				(color "White")
				(thickness 0.01)
			)
			(layer "B.Paste"
				(type "Bottom Solder Paste")
			)
			(layer "B.SilkS"
				(type "Bottom Silk Screen")
				(color "Black")
			)
			(copper_finish "None")
			(dielectric_constraints no)
		)
		(pad_to_mask_clearance 0)
		(allow_soldermask_bridges_in_footprints no)
		(grid_origin 135 107.5)
		(pcbplotparams
			(layerselection 0x00010fc_ffffffff)
			(plot_on_all_layers_selection 0x0000000_00000000)
			(disableapertmacros no)
			(usegerberextensions no)
			(usegerberattributes yes)
			(usegerberadvancedattributes yes)
			(creategerberjobfile yes)
			(dashed_line_dash_ratio 12.000000)
			(dashed_line_gap_ratio 3.000000)
			(svgprecision 4)
			(plotframeref no)
			(viasonmask no)
			(mode 1)
			(useauxorigin no)
			(hpglpennumber 1)
			(hpglpenspeed 20)
			(hpglpendiameter 15.000000)
			(pdf_front_fp_property_popups yes)
			(pdf_back_fp_property_popups yes)
			(dxfpolygonmode yes)
			(dxfimperialunits yes)
			(dxfusepcbnewfont yes)
			(psnegative no)
			(psa4output no)
			(plotreference yes)
			(plotvalue yes)
			(plotfptext yes)
			(plotinvisibletext no)
			(sketchpadsonfab no)
			(subtractmaskfromsilk no)
			(outputformat 1)
			(mirror no)
			(drillshape 1)
			(scaleselection 1)
			(outputdirectory "")
		)
	)
	(property "VERSION" "1.2")
	(net 0 "")
	(net 1 "/LED_K")
	(net 2 "/LED_A")
	(net 3 "Net-(J103-Pin_1)")
	(net 4 "Net-(J104-Pin_1)")
	(net 5 "unconnected-(D1-SLUG-Pad9)")
	(net 6 "/LED_MID")
	(footprint "MountingHole:MountingHole_3.2mm_M3"
		(layer "F.Cu")
		(uuid "04b414f3-b25b-4fb2-8939-ae8e89d26596")
		(at 138 104.5)
		(descr "Mounting Hole 3.2mm, no annular, M3")
		(tags "mounting hole 3.2mm no annular m3")
		(property "Reference" "MK1"
			(at 0 -4.2 0)
			(layer "F.SilkS")
			(hide yes)
			(uuid "cb1ac97e-32c6-41f7-b0da-6ed2fb288c9d")
			(effects
				(font
					(size 1 1)
					(thickness 0.15)
				)
			)
		)
		(property "Value" "M2.5"
			(at 0 4.2 0)
			(layer "F.Fab")
			(uuid "de5991de-2c44-418d-9058-a9020a1c8317")
			(effects
				(font
					(size 1 1)
					(thickness 0.15)
				)
			)
		)
		(property "Footprint" "MountingHole:MountingHole_3.2mm_M3"
			(at 0 0 0)
			(unlocked yes)
			(layer "F.Fab")
			(hide yes)
			(uuid "a410c8da-0098-4733-be48-dd8cb560411a")
			(effects
				(font
					(size 1.27 1.27)
					(thickness 0.15)
				)
			)
		)
		(property "Datasheet" ""
			(at 0 0 0)
			(unlocked yes)
			(layer "F.Fab")
			(hide yes)
			(uuid "11205a29-f713-4157-a961-e0544a5cd4bc")
			(effects
				(font
					(size 1.27 1.27)
					(thickness 0.15)
				)
			)
		)
		(property "Description" ""
			(at 0 0 0)
			(unlocked yes)
			(layer "F.Fab")
			(hide yes)
			(uuid "dc4ff5fc-407e-4bac-8cf6-3acf4f521426")
			(effects
				(font
					(size 1.27 1.27)
					(thickness 0.15)
				)
			)
		)
		(property "Mouser" ""
			(at 0 0 0)
			(unlocked yes)
			(layer "F.Fab")
			(hide yes)
			(uuid "dddb208d-4dd0-4d4e-bf82-ac256c5df112")
			(effects
				(font
					(size 1 1)
					(thickness 0.15)
				)
			)
		)
		(property "JLCPCB" ""
			(at 0 0 0)
			(unlocked yes)
			(layer "F.Fab")
			(hide yes)
			(uuid "0a7a2f84-8d2c-4797-aa41-abf530bd40ff")
			(effects
				(font
					(size 1 1)
					(thickness 0.15)
				)
			)
		)
		(property "MPN" ""
			(at 0 0 0)
			(unlocked yes)
			(layer "F.Fab")
			(hide yes)
			(uuid "7b27e19c-bd1f-4130-9ea2-4742303b432b")
			(effects
				(font
					(size 1 1)
					(thickness 0.15)
				)
			)
		)
		(property "MPNA" ""
			(at 0 0 0)
			(unlocked yes)
			(layer "F.Fab")
			(hide yes)
			(uuid "1ce7b9c9-6a65-40fa-87ed-19525d83d4d4")
			(effects
				(font
					(size 1 1)
					(thickness 0.15)
				)
			)
		)
		(property ki_fp_filters "MountingHole*")
		(path "/5df10931-b076-49dc-a4bc-cb2ae0ecb3b3")
		(sheetname "Hlavní")
		(sheetfile "fluorometer_led.kicad_sch")
		(attr exclude_from_pos_files exclude_from_bom)
		(fp_circle
			(center 0 0)
			(end 3.2 0)
			(stroke
				(width 0.15)
				(type solid)
			)
			(fill none)
			(layer "Dwgs.User")
			(uuid "cc5acd17-2256-412b-88e2-fd152b807ad9")
		)
		(fp_circle
			(center 0 0)
			(end 3.45 0)
			(stroke
				(width 0.05)
				(type solid)
			)
			(fill none)
			(layer "F.CrtYd")
			(uuid "d54473ed-6230-462a-b532-96bfb50b0827")
		)
		(fp_text user "${REFERENCE}"
			(at 0 0 0)
			(layer "F.Fab")
			(uuid "625beecb-9c5b-4166-a295-8a822d2ccb97")
			(effects
				(font
					(size 1 1)
					(thickness 0.15)
				)
			)
		)
		(pad "" np_thru_hole circle
			(at 0 0)
			(size 3.2 3.2)
			(drill 3.2)
			(layers "*.Cu" "*.Mask")
			(uuid "cf5e41ea-191c-4597-a080-b470ed0cee83")
		)
	)
	(footprint "MountingHole:MountingHole_3.2mm_M3"
		(layer "F.Cu")
		(uuid "0c972e2f-3264-43e6-9254-413fddbfc71f")
		(at 150.9 96.2)
		(descr "Mounting Hole 3.2mm, no annular, M3")
		(tags "mounting hole 3.2mm no annular m3")
		(property "Reference" "MK3"
			(at 0 -4.2 0)
			(layer "F.SilkS")
			(hide yes)
			(uuid "a9ad7b9e-ac0d-4d5e-b744-1d3c8cb8ce75")
			(effects
				(font
					(size 1 1)
					(thickness 0.15)
				)
			)
		)
		(property "Value" "M2.5"
			(at 0 4.2 0)
			(layer "F.Fab")
			(uuid "010f20e2-c571-41d1-a730-2a247c6fd0d6")
			(effects
				(font
					(size 1 1)
					(thickness 0.15)
				)
			)
		)
		(property "Footprint" "MountingHole:MountingHole_3.2mm_M3"
			(at 0 0 0)
			(unlocked yes)
			(layer "F.Fab")
			(hide yes)
			(uuid "ea1c9786-eb97-4616-9844-0c23c359a3d3")
			(effects
				(font
					(size 1.27 1.27)
					(thickness 0.15)
				)
			)
		)
		(property "Datasheet" ""
			(at 0 0 0)
			(unlocked yes)
			(layer "F.Fab")
			(hide yes)
			(uuid "962e1c36-d639-4c33-aebb-054ad8ebb464")
			(effects
				(font
					(size 1.27 1.27)
					(thickness 0.15)
				)
			)
		)
		(property "Description" ""
			(at 0 0 0)
			(unlocked yes)
			(layer "F.Fab")
			(hide yes)
			(uuid "7cd2e245-079d-4446-819b-7b190d2f2005")
			(effects
				(font
					(size 1.27 1.27)
					(thickness 0.15)
				)
			)
		)
		(property "Mouser" ""
			(at 0 0 0)
			(unlocked yes)
			(layer "F.Fab")
			(hide yes)
			(uuid "034c4376-c185-44c6-87ed-54521654e5de")
			(effects
				(font
					(size 1 1)
					(thickness 0.15)
				)
			)
		)
		(property "JLCPCB" ""
			(at 0 0 0)
			(unlocked yes)
			(layer "F.Fab")
			(hide yes)
			(uuid "16a12c57-df1a-40a6-ace3-7e114f59fe06")
			(effects
				(font
					(size 1 1)
					(thickness 0.15)
				)
			)
		)
		(property "MPN" ""
			(at 0 0 0)
			(unlocked yes)
			(layer "F.Fab")
			(hide yes)
			(uuid "f352a049-82af-4228-9df5-c394cd2ee51e")
			(effects
				(font
					(size 1 1)
					(thickness 0.15)
				)
			)
		)
		(property "MPNA" ""
			(at 0 0 0)
			(unlocked yes)
			(layer "F.Fab")
			(hide yes)
			(uuid "c523511b-32db-4431-ac5d-e05c12a00998")
			(effects
				(font
					(size 1 1)
					(thickness 0.15)
				)
			)
		)
		(property ki_fp_filters "MountingHole*")
		(path "/810299a5-fe44-4ed7-ba42-213fbb6b3197")
		(sheetname "Hlavní")
		(sheetfile "fluorometer_led.kicad_sch")
		(attr exclude_from_pos_files exclude_from_bom)
		(fp_circle
			(center 0 0)
			(end 3.2 0)
			(stroke
				(width 0.15)
				(type solid)
			)
			(fill none)
			(layer "Dwgs.User")
			(uuid "4794dac4-ad9f-4d6a-96ea-95bcf131cfef")
		)
		(fp_circle
			(center 0 0)
			(end 3.45 0)
			(stroke
				(width 0.05)
				(type solid)
			)
			(fill none)
			(layer "F.CrtYd")
			(uuid "d8a6e29d-465e-4eb1-a9bd-f7c02ee10e65")
		)
		(fp_text user "${REFERENCE}"
			(at 0 0 0)
			(layer "F.Fab")
			(uuid "8169bf0b-e4b6-4cef-85b5-ef017622f608")
			(effects
				(font
					(size 1 1)
					(thickness 0.15)
				)
			)
		)
		(pad "" np_thru_hole circle
			(at 0 0)
			(size 3.2 3.2)
			(drill 3.2)
			(layers "*.Cu" "*.Mask")
			(uuid "ac18b7c9-4444-4c4a-a2c3-e1c9a669eac5")
		)
	)
	(footprint "MountingHole:MountingHole_3.2mm_M3"
		(layer "F.Cu")
		(uuid "a72a8c61-2470-45b8-977d-f88689cc0b44")
		(at 138 88)
		(descr "Mounting Hole 3.2mm, no annular, M3")
		(tags "mounting hole 3.2mm no annular m3")
		(property "Reference" "MK2"
			(at 0 -4.2 0)
			(layer "F.SilkS")
			(hide yes)
			(uuid "d3d41034-76ea-473f-83e5-ff50421f1e67")
			(effects
				(font
					(size 1 1)
					(thickness 0.15)
				)
			)
		)
		(property "Value" "M2.5"
			(at 0 4.2 0)
			(layer "F.Fab")
			(uuid "9af8f09f-b97f-407e-a285-e6f7407c3e28")
			(effects
				(font
					(size 1 1)
					(thickness 0.15)
				)
			)
		)
		(property "Footprint" "MountingHole:MountingHole_3.2mm_M3"
			(at 0 0 0)
			(unlocked yes)
			(layer "F.Fab")
			(hide yes)
			(uuid "246e1c69-9711-458d-a5a7-928272511b82")
			(effects
				(font
					(size 1.27 1.27)
					(thickness 0.15)
				)
			)
		)
		(property "Datasheet" ""
			(at 0 0 0)
			(unlocked yes)
			(layer "F.Fab")
			(hide yes)
			(uuid "56a1e357-b1c7-4949-a35a-2acc07d7d38c")
			(effects
				(font
					(size 1.27 1.27)
					(thickness 0.15)
				)
			)
		)
		(property "Description" ""
			(at 0 0 0)
			(unlocked yes)
			(layer "F.Fab")
			(hide yes)
			(uuid "ad012dd2-9b16-432a-99a6-5e6e2c324c18")
			(effects
				(font
					(size 1.27 1.27)
					(thickness 0.15)
				)
			)
		)
		(property "Mouser" ""
			(at 0 0 0)
			(unlocked yes)
			(layer "F.Fab")
			(hide yes)
			(uuid "734cf62e-d2ed-46ce-9770-1dae3d6a9b5b")
			(effects
				(font
					(size 1 1)
					(thickness 0.15)
				)
			)
		)
		(property "JLCPCB" ""
			(at 0 0 0)
			(unlocked yes)
			(layer "F.Fab")
			(hide yes)
			(uuid "1448fd16-fd61-48ad-b9f6-36ef17741367")
			(effects
				(font
					(size 1 1)
					(thickness 0.15)
				)
			)
		)
		(property "MPN" ""
			(at 0 0 0)
			(unlocked yes)
			(layer "F.Fab")
			(hide yes)
			(uuid "fd91a64f-781b-4d74-b8fc-106288f1bc3b")
			(effects
				(font
					(size 1 1)
					(thickness 0.15)
				)
			)
		)
		(property "MPNA" ""
			(at 0 0 0)
			(unlocked yes)
			(layer "F.Fab")
			(hide yes)
			(uuid "b8bf9774-d048-4b0f-8b0a-a9bf05f5138c")
			(effects
				(font
					(size 1 1)
					(thickness 0.15)
				)
			)
		)
		(property ki_fp_filters "MountingHole*")
		(path "/c5ae08d1-1f25-4a66-95b5-98a0cdd1d644")
		(sheetname "Hlavní")
		(sheetfile "fluorometer_led.kicad_sch")
		(attr exclude_from_pos_files exclude_from_bom)
		(fp_circle
			(center 0 0)
			(end 3.2 0)
			(stroke
				(width 0.15)
				(type solid)
			)
			(fill none)
			(layer "Dwgs.User")
			(uuid "47bec57c-b319-4dfe-86ae-cb62386ab3f4")
		)
		(fp_circle
			(center 0 0)
			(end 3.45 0)
			(stroke
				(width 0.05)
				(type solid)
			)
			(fill none)
			(layer "F.CrtYd")
			(uuid "610b7d23-63d3-44f6-a8a9-eab42f41b3b6")
		)
		(fp_text user "${REFERENCE}"
			(at 0 0 0)
			(layer "F.Fab")
			(uuid "aab3ab5d-49f1-4f78-9a00-4cde00363350")
			(effects
				(font
					(size 1 1)
					(thickness 0.15)
				)
			)
		)
		(pad "" np_thru_hole circle
			(at 0 0)
			(size 3.2 3.2)
			(drill 3.2)
			(layers "*.Cu" "*.Mask")
			(uuid "d331a4e8-7563-45d2-b9dd-dafba9cbb7db")
		)
	)
	(footprint "PCM_kikit:Tab"
		(layer "F.Cu")
		(uuid "dd383a8b-890d-472a-b634-25ecf44d1053")
		(at 143.5 85 -90)
		(descr "A symbol representing annotation for tab placement")
		(property "Reference" "REF**"
			(at -0.25 -2 90)
			(layer "F.SilkS")
			(hide yes)
			(uuid "2f0a1961-b27a-4a41-a31c-7b3e6eda7681")
			(effects
				(font
					(size 1 1)
					(thickness 0.15)
				)
			)
		)
		(property "Value" "Tab"
			(at -2.2 -2.15 180)
			(layer "Dwgs.User")
			(uuid "cbe374f7-4058-4b63-a961-8eb168db558a")
			(effects
				(font
					(size 1.2 1.2)
					(thickness 0.2)
				)
			)
		)
		(property "Footprint" "PCM_kikit:Tab"
			(at 0 0 90)
			(layer "F.Fab")
			(hide yes)
			(uuid "0c5fb5c8-8d5a-45c1-a6e0-1acc74708a93")
			(effects
				(font
					(size 1.27 1.27)
					(thickness 0.15)
				)
			)
		)
		(property "Datasheet" ""
			(at 0 0 90)
			(layer "F.Fab")
			(hide yes)
			(uuid "c5e9545c-f45b-403e-b876-9e1eef3f385b")
			(effects
				(font
					(size 1.27 1.27)
					(thickness 0.15)
				)
			)
		)
		(property "Description" ""
			(at 0 0 90)
			(layer "F.Fab")
			(hide yes)
			(uuid "b9109e9a-44d7-44bb-a24f-c149b0c85838")
			(effects
				(font
					(size 1.27 1.27)
					(thickness 0.15)
				)
			)
		)
		(attr board_only exclude_from_pos_files exclude_from_bom allow_missing_courtyard)
		(fp_line
			(start 0 1)
			(end 0 -1)
			(stroke
				(width 0.3)
				(type solid)
			)
			(layer "Dwgs.User")
			(uuid "1a83c654-33a2-40c9-a960-e75538ef3f72")
		)
		(fp_line
			(start 0 0)
			(end -1 1)
			(stroke
				(width 0.3)
				(type solid)
			)
			(layer "Dwgs.User")
			(uuid "f59f7aff-6637-4a0c-9f58-e64124284ab1")
		)
		(fp_line
			(start 0 0)
			(end -3 0)
			(stroke
				(width 0.3)
				(type solid)
			)
			(layer "Dwgs.User")
			(uuid "05d7cdd7-064b-43f3-9ec8-22c5c5322c24")
		)
		(fp_line
			(start 0 0)
			(end -1 -1)
			(stroke
				(width 0.3)
				(type solid)
			)
			(layer "Dwgs.User")
			(uuid "f642d9ea-5ec4-432c-a518-62d326fb7e63")
		)
		(fp_text user "KIKIT: width: 5mm"
			(at -3.95 -1.7 0)
			(layer "Dwgs.User")
			(uuid "95ced8d7-c1dd-4756-9777-cda83b5cadfa")
			(effects
				(font
					(size 1 1)
					(thickness 0.15)
				)
			)
		)
	)
	(footprint "PCM_kikit:Tab"
		(layer "F.Cu")
		(uuid "f88c0ce2-b6ab-4ff2-a1e5-7cb192a8f0b0")
		(at 143.5 107.5 90)
		(descr "A symbol representing annotation for tab placement")
		(property "Reference" "REF**"
			(at -0.25 -2 90)
			(layer "F.SilkS")
			(hide yes)
			(uuid "59be5a3d-d53b-4c59-bdf6-bf04ff2d85f2")
			(effects
				(font
					(size 1 1)
					(thickness 0.15)
				)
			)
		)
		(property "Value" "Tab"
			(at -2.55 2.65 180)
			(layer "Dwgs.User")
			(uuid "fe29e332-7fae-4dc1-8c86-daa2c2a9ef27")
			(effects
				(font
					(size 1.2 1.2)
					(thickness 0.2)
				)
			)
		)
		(property "Footprint" "PCM_kikit:Tab"
			(at 0 0 90)
			(layer "F.Fab")
			(hide yes)
			(uuid "0c5fb5c8-8d5a-45c1-a6e0-1acc74708a93")
			(effects
				(font
					(size 1.27 1.27)
					(thickness 0.15)
				)
			)
		)
		(property "Datasheet" ""
			(at 0 0 90)
			(layer "F.Fab")
			(hide yes)
			(uuid "c5e9545c-f45b-403e-b876-9e1eef3f385b")
			(effects
				(font
					(size 1.27 1.27)
					(thickness 0.15)
				)
			)
		)
		(property "Description" ""
			(at 0 0 90)
			(layer "F.Fab")
			(hide yes)
			(uuid "b9109e9a-44d7-44bb-a24f-c149b0c85838")
			(effects
				(font
					(size 1.27 1.27)
					(thickness 0.15)
				)
			)
		)
		(attr board_only exclude_from_pos_files exclude_from_bom allow_missing_courtyard)
		(fp_line
			(start 0 0)
			(end -1 -1)
			(stroke
				(width 0.3)
				(type solid)
			)
			(layer "Dwgs.User")
			(uuid "b6d88c38-cd49-4b49-9e4b-43af06442f3e")
		)
		(fp_line
			(start 0 0)
			(end -3 0)
			(stroke
				(width 0.3)
				(type solid)
			)
			(layer "Dwgs.User")
			(uuid "84221904-170b-499d-a98c-2bfdacdc89b2")
		)
		(fp_line
			(start 0 0)
			(end -1 1)
			(stroke
				(width 0.3)
				(type solid)
			)
			(layer "Dwgs.User")
			(uuid "acec5a63-92ce-4695-a032-aaaa5be66784")
		)
		(fp_line
			(start 0 1)
			(end 0 -1)
			(stroke
				(width 0.3)
				(type solid)
			)
			(layer "Dwgs.User")
			(uuid "b1e3a88a-6682-4490-bd05-990b962c5915")
		)
		(fp_text user "KIKIT: width: 5mm"
			(at -4.4 0.75 0)
			(layer "Dwgs.User")
			(uuid "2c491b1d-96b8-4c7b-b12e-58a6f201794f")
			(effects
				(font
					(size 1 1)
					(thickness 0.15)
				)
			)
		)
	)
	(footprint "TCY_test_points:TestPoint_ArcPad_2.0x2.0mm"
		(layer "B.Cu")
		(uuid "05fb6716-c54e-4346-81a1-837aa134aa72")
		(at 147.05 90 -90)
		(property "Reference" "J103"
			(at 0 4.2 90)
			(unlocked yes)
			(layer "B.SilkS")
			(hide yes)
			(uuid "74d99f2c-a1fc-4e6b-903b-470e0da4dee8")
			(effects
				(font
					(size 1 1)
					(thickness 0.15)
				)
				(justify mirror)
			)
		)
		(property "Value" "Conn_01x01"
			(at 0 2.3 90)
			(unlocked yes)
			(layer "B.Fab")
			(uuid "d03eedbe-0e50-4cd1-bbdb-d9a31bc62b06")
			(effects
				(font
					(size 1 1)
					(thickness 0.15)
				)
				(justify mirror)
			)
		)
		(property "Footprint" "TCY_test_points:TestPoint_ArcPad_2.0x2.0mm"
			(at 0 0 90)
			(layer "B.Fab")
			(hide yes)
			(uuid "d2a70f99-cb81-4d98-a73b-b8b21c119080")
			(effects
				(font
					(size 1.27 1.27)
					(thickness 0.15)
				)
				(justify mirror)
			)
		)
		(property "Datasheet" ""
			(at 0 0 90)
			(layer "B.Fab")
			(hide yes)
			(uuid "4d97f519-35ca-46b6-9ff0-746dbf529ee1")
			(effects
				(font
					(size 1.27 1.27)
					(thickness 0.15)
				)
				(justify mirror)
			)
		)
		(property "Description" "Generic connector, single row, 01x01, script generated (kicad-library-utils/schlib/autogen/connector/)"
			(at 0 0 90)
			(layer "B.Fab")
			(hide yes)
			(uuid "298aba3a-14c9-489b-a500-c4e85559df9d")
			(effects
				(font
					(size 1.27 1.27)
					(thickness 0.15)
				)
				(justify mirror)
			)
		)
		(property ki_fp_filters "Connector*:*_1x??_*")
		(path "/fd10c04c-eefa-432e-99ed-b26b73336038")
		(sheetname "Hlavní")
		(sheetfile "fluorometer_led.kicad_sch")
		(attr smd)
		(fp_line
			(start -1.15 0.9)
			(end -1.15 -0.8)
			(stroke
				(width 0.12)
				(type solid)
			)
			(layer "B.SilkS")
			(uuid "58ed0daf-6c0b-4c96-88b4-cc25c8c540ec")
		)
		(fp_line
			(start 1.15 0.9)
			(end -1.15 0.9)
			(stroke
				(width 0.12)
				(type solid)
			)
			(layer "B.SilkS")
			(uuid "4dd08f79-186e-4fe0-b3f6-2b13f74a70c1")
		)
		(fp_line
			(start -1.15 -0.8)
			(end -0.65 -1.75)
			(stroke
				(width 0.12)
				(type solid)
			)
			(layer "B.SilkS")
			(uuid "7c9234a8-a206-43df-8647-b02ab6081e81")
		)
		(fp_line
			(start 1.15 -0.8)
			(end 1.15 0.9)
			(stroke
				(width 0.12)
				(type solid)
			)
			(layer "B.SilkS")
			(uuid "caea8037-60ff-4446-8fa8-d9147b53a3c8")
		)
		(fp_line
			(start -0.65 -1.75)
			(end 0.65 -1.75)
			(stroke
				(width 0.12)
				(type solid)
			)
			(layer "B.SilkS")
			(uuid "1d63cc02-b27b-4525-9c38-b7e7df9c1821")
		)
		(fp_line
			(start 0.65 -1.75)
			(end 1.15 -0.8)
			(stroke
				(width 0.12)
				(type solid)
			)
			(layer "B.SilkS")
			(uuid "e64048f0-1741-43f5-83ba-38fd9fe6a3f7")
		)
		(pad "1" smd custom
			(at 0 0 270)
			(size 2 1.5)
			(layers "B.Cu" "B.Paste" "B.Mask")
			(net 3 "Net-(J103-Pin_1)")
			(pinfunction "Pin_1")
			(pintype "passive")
			(options
				(clearance outline)
				(anchor rect)
			)
			(primitives
				(gr_arc
					(start 0.499127 -1.499128)
					(mid -0.000617 -1.292893)
					(end -0.5 -1.5)
					(width 0.2)
				)
				(gr_poly
					(pts
						(xy -0.9 -0.75) (xy -0.5 -1.5) (xy -0.25 -1.3) (xy 0 -1.25) (xy 0.25 -1.3) (xy 0.5 -1.5) (xy 0.9 -0.75)
					)
					(width 0.2)
					(fill yes)
				)
			)
			(uuid "4dabf41e-b66c-45e9-8734-0bc70765a3b8")
		)
	)
	(footprint "TCY_smd_leds:OSRAM_LZ4-00"
		(layer "B.Cu")
		(uuid "672604b7-64de-4c78-9b90-436c7640ee42")
		(at 143.25 96.25 90)
		(property "Reference" "D1"
			(at -0.875 5.335 90)
			(layer "B.SilkS")
			(hide yes)
			(uuid "9ae0cec4-5e30-43e8-9f40-5557f3e125ea")
			(effects
				(font
					(size 1 1)
					(thickness 0.15)
				)
				(justify mirror)
			)
		)
		(property "Value" "LZ4-00G108"
			(at 0 -5.35 90)
			(layer "B.Fab")
			(uuid "2f9c8f1f-2259-4f82-8494-49bd0e2b7ced")
			(effects
				(font
					(size 1 1)
					(thickness 0.15)
				)
				(justify mirror)
			)
		)
		(property "Footprint" "TCY_smd_leds:OSRAM_LZ4-00"
			(at 0 0 90)
			(layer "B.Fab")
			(hide yes)
			(uuid "5dbb9b99-beb5-451a-8507-f776c171947c")
			(effects
				(font
					(size 1.27 1.27)
					(thickness 0.15)
				)
				(justify mirror)
			)
		)
		(property "Datasheet" "https://look.ams-osram.com/m/2b1078ec4120453e/original/LZ4-00G108.pdf"
			(at 0 0 90)
			(layer "B.Fab")
			(hide yes)
			(uuid "d78f00e4-564e-4eef-9487-e76623102c93")
			(effects
				(font
					(size 1.27 1.27)
					(thickness 0.15)
				)
				(justify mirror)
			)
		)
		(property "Description" "High power LED with ceramic package and glass lens"
			(at 0 0 90)
			(layer "B.Fab")
			(hide yes)
			(uuid "ccb89d0e-4120-4882-bf25-b11f82bd6ec8")
			(effects
				(font
					(size 1.27 1.27)
					(thickness 0.15)
				)
				(justify mirror)
			)
		)
		(property "MPN" "LZ4-00G108-0000"
			(at 0 0 90)
			(unlocked yes)
			(layer "B.Fab")
			(hide yes)
			(uuid "d9001e20-91ae-466d-82b6-7f52ad50300b")
			(effects
				(font
					(size 1 1)
					(thickness 0.15)
				)
				(justify mirror)
			)
		)
		(property "Link" "https://cz.mouser.com/ProductDetail/ams-OSRAM/LZ4-00G108-0000?qs=hWgE7mdIu5QnLGO5jnNJxw%3D%3D"
			(at 0 0 90)
			(unlocked yes)
			(layer "B.Fab")
			(hide yes)
			(uuid "7cf6719a-d94e-43d7-be51-d774bdb546c2")
			(effects
				(font
					(size 1 1)
					(thickness 0.15)
				)
				(justify mirror)
			)
		)
		(property ki_fp_filters "LED* LED_SMD:* LED_THT:*")
		(path "/50fe81fb-5224-46e1-b24b-24fccea88bb1")
		(sheetname "Hlavní")
		(sheetfile "fluorometer_led.kicad_sch")
		(attr smd)
		(fp_circle
			(center 0 0)
			(end 1.185 0)
			(stroke
				(width 2.37)
				(type solid)
			)
			(fill none)
			(layer "B.Paste")
			(uuid "ee4746dc-fb4c-4d55-bfc3-f4ff5ebefbef")
		)
		(fp_poly
			(pts
				(xy 2.42 -3.75) (xy 3.75 -3.75) (xy 3.75 -2.42) (xy 2.54 -2.42) (xy 2.42 -2.54)
			)
			(stroke
				(width 0.01)
				(type solid)
			)
			(fill solid)
			(layer "B.Paste")
			(uuid "ca119e29-c66a-4191-9d04-3b6877a3d9e1")
		)
		(fp_poly
			(pts
				(xy -3.75 -2.42) (xy -3.75 -3.75) (xy -2.42 -3.75) (xy -2.42 -2.54) (xy -2.54 -2.42)
			)
			(stroke
				(width 0.01)
				(type solid)
			)
			(fill solid)
			(layer "B.Paste")
			(uuid "ce64afc2-effe-4add-8986-627fd329a390")
		)
		(fp_poly
			(pts
				(xy 3.75 2.42) (xy 3.75 3.75) (xy 2.42 3.75) (xy 2.42 2.54) (xy 2.54 2.42)
			)
			(stroke
				(width 0.01)
				(type solid)
			)
			(fill solid)
			(layer "B.Paste")
			(uuid "1c09729f-9717-44c3-998b-fd8058afb9cf")
		)
		(fp_poly
			(pts
				(xy -2.42 3.75) (xy -3.75 3.75) (xy -3.75 2.42) (xy -2.54 2.42) (xy -2.42 2.54)
			)
			(stroke
				(width 0.01)
				(type solid)
			)
			(fill solid)
			(layer "B.Paste")
			(uuid "fc1594da-99c8-411a-bda2-d47b0b7dc3a1")
		)
		(fp_poly
			(pts
				(xy -0.99 -3.75) (xy -1.92 -3.75) (xy -1.92 -2.327) (xy -1.92 -2.316) (xy -1.918 -2.305) (xy -1.916 -2.294)
				(xy -1.913 -2.283) (xy -1.91 -2.273) (xy -1.906 -2.262) (xy -1.9 -2.253) (xy -1.895 -2.243) (xy -1.888 -2.234)
				(xy -1.881 -2.226) (xy -1.873 -2.218) (xy -1.865 -2.211) (xy -1.856 -2.204) (xy -1.847 -2.198) (xy -1.837 -2.193)
				(xy -1.827 -2.188) (xy -1.816 -2.184) (xy -1.806 -2.181) (xy -1.795 -2.179) (xy -1.784 -2.177) (xy -1.773 -2.177)
				(xy -1.762 -2.177) (xy -1.751 -2.178) (xy -1.74 -2.18) (xy -1.729 -2.182) (xy -1.719 -2.186) (xy -1.708 -2.19)
				(xy -1.698 -2.195) (xy -1.689 -2.201) (xy -1.679 -2.207) (xy -1.658 -2.223) (xy -1.64 -2.237) (xy -1.622 -2.25)
				(xy -1.603 -2.263) (xy -1.585 -2.276) (xy -1.566 -2.289) (xy -1.547 -2.301) (xy -1.528 -2.314) (xy -1.509 -2.326)
				(xy -1.49 -2.338) (xy -1.471 -2.35) (xy -1.452 -2.362) (xy -1.433 -2.374) (xy -1.413 -2.385) (xy -1.394 -2.397)
				(xy -1.374 -2.408) (xy -1.355 -2.419) (xy -1.335 -2.43) (xy -1.315 -2.44) (xy -1.295 -2.451) (xy -1.275 -2.461)
				(xy -1.255 -2.472) (xy -1.235 -2.482) (xy -1.214 -2.492) (xy -1.194 -2.501) (xy -1.173 -2.511) (xy -1.153 -2.52)
				(xy -1.132 -2.53) (xy -1.112 -2.539) (xy -1.081 -2.552) (xy -1.076 -2.554) (xy -1.071 -2.557) (xy -1.066 -2.559)
				(xy -1.061 -2.562) (xy -1.056 -2.566) (xy -1.051 -2.569) (xy -1.046 -2.573) (xy -1.042 -2.576) (xy -1.038 -2.58)
				(xy -1.033 -2.584) (xy -1.029 -2.588) (xy -1.025 -2.593) (xy -1.022 -2.597) (xy -1.018 -2.602) (xy -1.015 -2.607)
				(xy -1.012 -2.612) (xy -1.009 -2.617) (xy -1.006 -2.622) (xy -1.004 -2.627) (xy -1.001 -2.633) (xy -0.999 -2.638)
				(xy -0.997 -2.644) (xy -0.996 -2.649) (xy -0.994 -2.655) (xy -0.993 -2.661) (xy -0.992 -2.666) (xy -0.991 -2.672)
				(xy -0.99 -2.678) (xy -0.99 -2.684) (xy -0.99 -2.69) (xy -0.99 -3.75)
			)
			(stroke
				(width 0.01)
				(type solid)
			)
			(fill solid)
			(layer "B.Paste")
			(uuid "796a58b6-835f-4af7-b94d-d19015419c9f")
		)
		(fp_poly
			(pts
				(xy 3.75 -0.99) (xy 3.75 -1.92) (xy 2.327 -1.92) (xy 2.316 -1.92) (xy 2.305 -1.918) (xy 2.294 -1.916)
				(xy 2.283 -1.913) (xy 2.273 -1.91) (xy 2.262 -1.906) (xy 2.253 -1.9) (xy 2.243 -1.895) (xy 2.234 -1.888)
				(xy 2.226 -1.881) (xy 2.218 -1.873) (xy 2.211 -1.865) (xy 2.204 -1.856) (xy 2.198 -1.847) (xy 2.193 -1.837)
				(xy 2.188 -1.827) (xy 2.184 -1.816) (xy 2.181 -1.806) (xy 2.179 -1.795) (xy 2.177 -1.784) (xy 2.177 -1.773)
				(xy 2.177 -1.762) (xy 2.178 -1.751) (xy 2.18 -1.74) (xy 2.182 -1.729) (xy 2.186 -1.719) (xy 2.19 -1.708)
				(xy 2.195 -1.698) (xy 2.201 -1.689) (xy 2.207 -1.679) (xy 2.223 -1.658) (xy 2.237 -1.64) (xy 2.25 -1.622)
				(xy 2.263 -1.603) (xy 2.276 -1.585) (xy 2.289 -1.566) (xy 2.301 -1.547) (xy 2.314 -1.528) (xy 2.326 -1.509)
				(xy 2.338 -1.49) (xy 2.35 -1.471) (xy 2.362 -1.452) (xy 2.374 -1.433) (xy 2.385 -1.413) (xy 2.397 -1.394)
				(xy 2.408 -1.374) (xy 2.419 -1.355) (xy 2.43 -1.335) (xy 2.44 -1.315) (xy 2.451 -1.295) (xy 2.461 -1.275)
				(xy 2.472 -1.255) (xy 2.482 -1.235) (xy 2.492 -1.214) (xy 2.501 -1.194) (xy 2.511 -1.173) (xy 2.52 -1.153)
				(xy 2.53 -1.132) (xy 2.539 -1.112) (xy 2.552 -1.081) (xy 2.554 -1.076) (xy 2.557 -1.071) (xy 2.559 -1.066)
				(xy 2.562 -1.061) (xy 2.566 -1.056) (xy 2.569 -1.051) (xy 2.573 -1.046) (xy 2.576 -1.042) (xy 2.58 -1.038)
				(xy 2.584 -1.033) (xy 2.588 -1.029) (xy 2.593 -1.025) (xy 2.597 -1.022) (xy 2.602 -1.018) (xy 2.607 -1.015)
				(xy 2.612 -1.012) (xy 2.617 -1.009) (xy 2.622 -1.006) (xy 2.627 -1.004) (xy 2.633 -1.001) (xy 2.638 -0.999)
				(xy 2.644 -0.997) (xy 2.649 -0.996) (xy 2.655 -0.994) (xy 2.661 -0.993) (xy 2.666 -0.992) (xy 2.672 -0.991)
				(xy 2.678 -0.99) (xy 2.684 -0.99) (xy 2.69 -0.99) (xy 3.75 -0.99)
			)
			(stroke
				(width 0.01)
				(type solid)
			)
			(fill solid)
			(layer "B.Paste")
			(uuid "1d5864c7-441f-470f-afc2-24b8469b27e3")
		)
		(fp_poly
			(pts
				(xy -3.75 -0.99) (xy -3.75 -1.92) (xy -2.327 -1.92) (xy -2.316 -1.92) (xy -2.305 -1.918) (xy -2.294 -1.916)
				(xy -2.283 -1.913) (xy -2.273 -1.91) (xy -2.262 -1.906) (xy -2.253 -1.9) (xy -2.243 -1.895) (xy -2.234 -1.888)
				(xy -2.226 -1.881) (xy -2.218 -1.873) (xy -2.211 -1.865) (xy -2.204 -1.856) (xy -2.198 -1.847) (xy -2.193 -1.837)
				(xy -2.188 -1.827) (xy -2.184 -1.816) (xy -2.181 -1.806) (xy -2.179 -1.795) (xy -2.177 -1.784) (xy -2.177 -1.773)
				(xy -2.177 -1.762) (xy -2.178 -1.751) (xy -2.18 -1.74) (xy -2.182 -1.729) (xy -2.186 -1.719) (xy -2.19 -1.708)
				(xy -2.195 -1.698) (xy -2.201 -1.689) (xy -2.207 -1.679) (xy -2.223 -1.658) (xy -2.237 -1.64) (xy -2.25 -1.622)
				(xy -2.263 -1.603) (xy -2.276 -1.585) (xy -2.289 -1.566) (xy -2.301 -1.547) (xy -2.314 -1.528) (xy -2.326 -1.509)
				(xy -2.338 -1.49) (xy -2.35 -1.471) (xy -2.362 -1.452) (xy -2.374 -1.433) (xy -2.385 -1.413) (xy -2.397 -1.394)
				(xy -2.408 -1.374) (xy -2.419 -1.355) (xy -2.43 -1.335) (xy -2.44 -1.315) (xy -2.451 -1.295) (xy -2.461 -1.275)
				(xy -2.472 -1.255) (xy -2.482 -1.235) (xy -2.492 -1.214) (xy -2.501 -1.194) (xy -2.511 -1.173) (xy -2.52 -1.153)
				(xy -2.53 -1.132) (xy -2.539 -1.112) (xy -2.552 -1.081) (xy -2.554 -1.076) (xy -2.557 -1.071) (xy -2.559 -1.066)
				(xy -2.562 -1.061) (xy -2.566 -1.056) (xy -2.569 -1.051) (xy -2.573 -1.046) (xy -2.576 -1.042) (xy -2.58 -1.038)
				(xy -2.584 -1.033) (xy -2.588 -1.029) (xy -2.593 -1.025) (xy -2.597 -1.022) (xy -2.602 -1.018) (xy -2.607 -1.015)
				(xy -2.612 -1.012) (xy -2.617 -1.009) (xy -2.622 -1.006) (xy -2.627 -1.004) (xy -2.633 -1.001) (xy -2.638 -0.999)
				(xy -2.644 -0.997) (xy -2.649 -0.996) (xy -2.655 -0.994) (xy -2.661 -0.993) (xy -2.666 -0.992) (xy -2.672 -0.991)
				(xy -2.678 -0.99) (xy -2.684 -0.99) (xy -2.69 -0.99) (xy -3.75 -0.99)
			)
			(stroke
				(width 0.01)
				(type solid)
			)
			(fill solid)
			(layer "B.Paste")
			(uuid "a058df7d-93ba-4dac-a2b9-956c754d8c5c")
		)
		(fp_poly
			(pts
				(xy -0.99 3.75) (xy -1.92 3.75) (xy -1.92 2.327) (xy -1.92 2.316) (xy -1.918 2.305) (xy -1.916 2.294)
				(xy -1.913 2.283) (xy -1.91 2.273) (xy -1.906 2.262) (xy -1.9 2.253) (xy -1.895 2.243) (xy -1.888 2.234)
				(xy -1.881 2.226) (xy -1.873 2.218) (xy -1.865 2.211) (xy -1.856 2.204) (xy -1.847 2.198) (xy -1.837 2.193)
				(xy -1.827 2.188) (xy -1.816 2.184) (xy -1.806 2.181) (xy -1.795 2.179) (xy -1.784 2.177) (xy -1.773 2.177)
				(xy -1.762 2.177) (xy -1.751 2.178) (xy -1.74 2.18) (xy -1.729 2.182) (xy -1.719 2.186) (xy -1.708 2.19)
				(xy -1.698 2.195) (xy -1.689 2.201) (xy -1.679 2.207) (xy -1.658 2.223) (xy -1.64 2.237) (xy -1.622 2.25)
				(xy -1.603 2.263) (xy -1.585 2.276) (xy -1.566 2.289) (xy -1.547 2.301) (xy -1.528 2.314) (xy -1.509 2.326)
				(xy -1.49 2.338) (xy -1.471 2.35) (xy -1.452 2.362) (xy -1.433 2.374) (xy -1.413 2.385) (xy -1.394 2.397)
				(xy -1.374 2.408) (xy -1.355 2.419) (xy -1.335 2.43) (xy -1.315 2.44) (xy -1.295 2.451) (xy -1.275 2.461)
				(xy -1.255 2.472) (xy -1.235 2.482) (xy -1.214 2.492) (xy -1.194 2.501) (xy -1.173 2.511) (xy -1.153 2.52)
				(xy -1.132 2.53) (xy -1.112 2.539) (xy -1.081 2.552) (xy -1.076 2.554) (xy -1.071 2.557) (xy -1.066 2.559)
				(xy -1.061 2.562) (xy -1.056 2.566) (xy -1.051 2.569) (xy -1.046 2.573) (xy -1.042 2.576) (xy -1.038 2.58)
				(xy -1.033 2.584) (xy -1.029 2.588) (xy -1.025 2.593) (xy -1.022 2.597) (xy -1.018 2.602) (xy -1.015 2.607)
				(xy -1.012 2.612) (xy -1.009 2.617) (xy -1.006 2.622) (xy -1.004 2.627) (xy -1.001 2.633) (xy -0.999 2.638)
				(xy -0.997 2.644) (xy -0.996 2.649) (xy -0.994 2.655) (xy -0.993 2.661) (xy -0.992 2.666) (xy -0.991 2.672)
				(xy -0.99 2.678) (xy -0.99 2.684) (xy -0.99 2.69) (xy -0.99 3.75)
			)
			(stroke
				(width 0.01)
				(type solid)
			)
			(fill solid)
			(layer "B.Paste")
			(uuid "10ee42c6-1714-4098-9a8b-655d5d6d18ee")
		)
		(fp_line
			(start 1.95 -4)
			(end -0.55 -4)
			(stroke
				(width 0.15)
				(type solid)
			)
			(layer "B.SilkS")
			(uuid "1118d6d7-b3c2-48f4-9ee9-4bee678ee9f7")
		)
		(fp_line
			(start 4 1.95)
			(end 4 -0.55)
			(stroke
				(width 0.15)
				(type solid)
			)
			(layer "B.SilkS")
			(uuid "a77b8481-28e6-4d34-b6cb-0a8748bd5d9d")
		)
		(fp_line
			(start -4 1.95)
			(end -4 -0.55)
			(stroke
				(width 0.15)
				(type solid)
			)
			(layer "B.SilkS")
			(uuid "62a82d39-c159-49be-a937-7a87cf2a5ad4")
		)
		(fp_line
			(start 4.4 2.1)
			(end 4.4 4.4)
			(stroke
				(width 0.15)
				(type default)
			)
			(layer "B.SilkS")
			(uuid "149ff67e-ab38-4ab9-a1ba-ae9e7512c0a0")
		)
		(fp_line
			(start 1.95 4)
			(end -0.55 4)
			(stroke
				(width 0.15)
				(type solid)
			)
			(layer "B.SilkS")
			(uuid "30bda63f-9c41-4b27-a6f0-fe452b4e942d")
		)
		(fp_line
			(start 4.4 4.4)
			(end 2.2 4.4)
			(stroke
				(width 0.15)
				(type default)
			)
			(layer "B.SilkS")
			(uuid "f5fd41cd-29a6-481a-ad54-fd8c17bac4ed")
		)
		(fp_circle
			(center 0 0)
			(end 1.185 0)
			(stroke
				(width 2.37)
				(type solid)
			)
			(fill none)
			(layer "B.Mask")
			(uuid "6da38b15-1baf-49e5-824d-25c379b9e323")
		)
		(fp_poly
			(pts
				(xy 2.25 -3.75) (xy 3.75 -3.75) (xy 3.75 -2.25) (xy 2.68 -2.25) (xy 2.25 -2.68)
			)
			(stroke
				(width 0.01)
				(type solid)
			)
			(fill solid)
			(layer "B.Mask")
			(uuid "6d8cbb44-cdd1-4739-ab40-6086bf549286")
		)
		(fp_poly
			(pts
				(xy -3.75 -2.25) (xy -3.75 -3.75) (xy -2.25 -3.75) (xy -2.25 -2.68) (xy -2.68 -2.25)
			)
			(stroke
				(width 0.01)
				(type solid)
			)
			(fill solid)
			(layer "B.Mask")
			(uuid "0e048f2c-8d8c-4701-ae82-ace67727e656")
		)
		(fp_poly
			(pts
				(xy 3.75 2.25) (xy 3.75 3.75) (xy 2.25 3.75) (xy 2.25 2.68) (xy 2.68 2.25)
			)
			(stroke
				(width 0.01)
				(type solid)
			)
			(fill solid)
			(layer "B.Mask")
			(uuid "0d74da0a-d25a-4fd8-a120-358d130d896f")
		)
		(fp_poly
			(pts
				(xy -2.25 3.75) (xy -3.75 3.75) (xy -3.75 2.25) (xy -2.68 2.25) (xy -2.25 2.68)
			)
			(stroke
				(width 0.01)
				(type solid)
			)
			(fill solid)
			(layer "B.Mask")
			(uuid "a1813c7a-5f76-4c03-9bdb-a98352f67610")
		)
		(fp_poly
			(pts
				(xy -0.85 -3.75) (xy -2.05 -3.75) (xy -2.05 -2.278) (xy -2.049 -2.265) (xy -2.047 -2.251) (xy -2.044 -2.237)
				(xy -2.041 -2.223) (xy -2.036 -2.21) (xy -2.03 -2.197) (xy -2.023 -2.184) (xy -2.015 -2.172) (xy -2.006 -2.161)
				(xy -1.997 -2.15) (xy -1.986 -2.141) (xy -1.975 -2.132) (xy -1.964 -2.123) (xy -1.952 -2.116) (xy -1.939 -2.11)
				(xy -1.926 -2.104) (xy -1.912 -2.1) (xy -1.898 -2.096) (xy -1.884 -2.094) (xy -1.87 -2.093) (xy -1.856 -2.093)
				(xy -1.842 -2.093) (xy -1.827 -2.095) (xy -1.814 -2.098) (xy -1.8 -2.102) (xy -1.787 -2.107) (xy -1.774 -2.113)
				(xy -1.761 -2.12) (xy -1.749 -2.128) (xy -1.737 -2.138) (xy -1.718 -2.153) (xy -1.694 -2.172) (xy -1.67 -2.19)
				(xy -1.646 -2.208) (xy -1.621 -2.226) (xy -1.596 -2.244) (xy -1.571 -2.261) (xy -1.546 -2.278) (xy -1.521 -2.295)
				(xy -1.496 -2.312) (xy -1.47 -2.328) (xy -1.444 -2.344) (xy -1.418 -2.36) (xy -1.392 -2.375) (xy -1.366 -2.39)
				(xy -1.339 -2.405) (xy -1.312 -2.419) (xy -1.286 -2.434) (xy -1.259 -2.448) (xy -1.231 -2.461) (xy -1.204 -2.474)
				(xy -1.177 -2.487) (xy -1.149 -2.5) (xy -1.121 -2.513) (xy -1.094 -2.525) (xy -1.066 -2.536) (xy -1.038 -2.548)
				(xy -1.009 -2.559) (xy -0.981 -2.57) (xy -0.963 -2.577) (xy -0.956 -2.58) (xy -0.949 -2.583) (xy -0.943 -2.587)
				(xy -0.936 -2.591) (xy -0.93 -2.595) (xy -0.924 -2.599) (xy -0.918 -2.604) (xy -0.912 -2.609) (xy -0.907 -2.614)
				(xy -0.901 -2.619) (xy -0.896 -2.625) (xy -0.891 -2.631) (xy -0.887 -2.637) (xy -0.882 -2.643) (xy -0.878 -2.649)
				(xy -0.874 -2.656) (xy -0.871 -2.662) (xy -0.867 -2.669) (xy -0.864 -2.676) (xy -0.861 -2.683) (xy -0.859 -2.69)
				(xy -0.857 -2.698) (xy -0.855 -2.705) (xy -0.853 -2.712) (xy -0.852 -2.72) (xy -0.851 -2.727) (xy -0.85 -2.735)
				(xy -0.85 -2.742) (xy -0.85 -2.75) (xy -0.85 -2.756) (xy -0.85 -3.75)
			)
			(stroke
				(width 0.01)
				(type solid)
			)
			(fill solid)
			(layer "B.Mask")
			(uuid "29db0074-da24-401c-b9c1-b1ed21b0a184")
		)
		(fp_poly
			(pts
				(xy 3.75 -0.85) (xy 3.75 -2.05) (xy 2.278 -2.05) (xy 2.265 -2.049) (xy 2.251 -2.047) (xy 2.237 -2.044)
				(xy 2.223 -2.041) (xy 2.21 -2.036) (xy 2.197 -2.03) (xy 2.184 -2.023) (xy 2.172 -2.015) (xy 2.161 -2.006)
				(xy 2.15 -1.997) (xy 2.141 -1.986) (xy 2.132 -1.975) (xy 2.123 -1.964) (xy 2.116 -1.952) (xy 2.11 -1.939)
				(xy 2.104 -1.926) (xy 2.1 -1.912) (xy 2.096 -1.898) (xy 2.094 -1.884) (xy 2.093 -1.87) (xy 2.093 -1.856)
				(xy 2.093 -1.842) (xy 2.095 -1.827) (xy 2.098 -1.814) (xy 2.102 -1.8) (xy 2.107 -1.787) (xy 2.113 -1.774)
				(xy 2.12 -1.761) (xy 2.128 -1.749) (xy 2.138 -1.737) (xy 2.153 -1.718) (xy 2.172 -1.694) (xy 2.19 -1.67)
				(xy 2.208 -1.646) (xy 2.226 -1.621) (xy 2.244 -1.596) (xy 2.261 -1.571) (xy 2.278 -1.546) (xy 2.295 -1.521)
				(xy 2.312 -1.496) (xy 2.328 -1.47) (xy 2.344 -1.444) (xy 2.36 -1.418) (xy 2.375 -1.392) (xy 2.39 -1.366)
				(xy 2.405 -1.339) (xy 2.419 -1.312) (xy 2.434 -1.286) (xy 2.448 -1.259) (xy 2.461 -1.231) (xy 2.474 -1.204)
				(xy 2.487 -1.177) (xy 2.5 -1.149) (xy 2.513 -1.121) (xy 2.525 -1.094) (xy 2.536 -1.066) (xy 2.548 -1.038)
				(xy 2.559 -1.009) (xy 2.57 -0.981) (xy 2.577 -0.963) (xy 2.58 -0.956) (xy 2.583 -0.949) (xy 2.587 -0.943)
				(xy 2.591 -0.936) (xy 2.595 -0.93) (xy 2.599 -0.924) (xy 2.604 -0.918) (xy 2.609 -0.912) (xy 2.614 -0.907)
				(xy 2.619 -0.901) (xy 2.625 -0.896) (xy 2.631 -0.891) (xy 2.637 -0.887) (xy 2.643 -0.882) (xy 2.649 -0.878)
				(xy 2.656 -0.874) (xy 2.662 -0.871) (xy 2.669 -0.867) (xy 2.676 -0.864) (xy 2.683 -0.861) (xy 2.69 -0.859)
				(xy 2.698 -0.857) (xy 2.705 -0.855) (xy 2.712 -0.853) (xy 2.72 -0.852) (xy 2.727 -0.851) (xy 2.735 -0.85)
				(xy 2.742 -0.85) (xy 2.75 -0.85) (xy 2.756 -0.85) (xy 3.75 -0.85)
			)
			(stroke
				(width 0.01)
				(type solid)
			)
			(fill solid)
			(layer "B.Mask")
			(uuid "7416fa47-c50d-4b2e-b781-926e9ce690ac")
		)
		(fp_poly
			(pts
				(xy -3.75 -0.85) (xy -3.75 -2.05) (xy -2.278 -2.05) (xy -2.265 -2.049) (xy -2.251 -2.047) (xy -2.237 -2.044)
				(xy -2.223 -2.041) (xy -2.21 -2.036) (xy -2.197 -2.03) (xy -2.184 -2.023) (xy -2.172 -2.015) (xy -2.161 -2.006)
				(xy -2.15 -1.997) (xy -2.141 -1.986) (xy -2.132 -1.975) (xy -2.123 -1.964) (xy -2.116 -1.952) (xy -2.11 -1.939)
				(xy -2.104 -1.926) (xy -2.1 -1.912) (xy -2.096 -1.898) (xy -2.094 -1.884) (xy -2.093 -1.87) (xy -2.093 -1.856)
				(xy -2.093 -1.842) (xy -2.095 -1.827) (xy -2.098 -1.814) (xy -2.102 -1.8) (xy -2.107 -1.787) (xy -2.113 -1.774)
				(xy -2.12 -1.761) (xy -2.128 -1.749) (xy -2.138 -1.737) (xy -2.153 -1.718) (xy -2.172 -1.694) (xy -2.19 -1.67)
				(xy -2.208 -1.646) (xy -2.226 -1.621) (xy -2.244 -1.596) (xy -2.261 -1.571) (xy -2.278 -1.546) (xy -2.295 -1.521)
				(xy -2.312 -1.496) (xy -2.328 -1.47) (xy -2.344 -1.444) (xy -2.36 -1.418) (xy -2.375 -1.392) (xy -2.39 -1.366)
				(xy -2.405 -1.339) (xy -2.419 -1.312) (xy -2.434 -1.286) (xy -2.448 -1.259) (xy -2.461 -1.231) (xy -2.474 -1.204)
				(xy -2.487 -1.177) (xy -2.5 -1.149) (xy -2.513 -1.121) (xy -2.525 -1.094) (xy -2.536 -1.066) (xy -2.548 -1.038)
				(xy -2.559 -1.009) (xy -2.57 -0.981) (xy -2.577 -0.963) (xy -2.58 -0.956) (xy -2.583 -0.949) (xy -2.587 -0.943)
				(xy -2.591 -0.936) (xy -2.595 -0.93) (xy -2.599 -0.924) (xy -2.604 -0.918) (xy -2.609 -0.912) (xy -2.614 -0.907)
				(xy -2.619 -0.901) (xy -2.625 -0.896) (xy -2.631 -0.891) (xy -2.637 -0.887) (xy -2.643 -0.882) (xy -2.649 -0.878)
				(xy -2.656 -0.874) (xy -2.662 -0.871) (xy -2.669 -0.867) (xy -2.676 -0.864) (xy -2.683 -0.861) (xy -2.69 -0.859)
				(xy -2.698 -0.857) (xy -2.705 -0.855) (xy -2.712 -0.853) (xy -2.72 -0.852) (xy -2.727 -0.851) (xy -2.735 -0.85)
				(xy -2.742 -0.85) (xy -2.75 -0.85) (xy -2.756 -0.85) (xy -3.75 -0.85)
			)
			(stroke
				(width 0.01)
				(type solid)
			)
			(fill solid)
			(layer "B.Mask")
			(uuid "eb793244-0a2c-4e0b-8e0a-68b57043705a")
		)
		(fp_poly
			(pts
				(xy -0.85 3.75) (xy -2.05 3.75) (xy -2.05 2.278) (xy -2.049 2.265) (xy -2.047 2.251) (xy -2.044 2.237)
				(xy -2.041 2.223) (xy -2.036 2.21) (xy -2.03 2.197) (xy -2.023 2.184) (xy -2.015 2.172) (xy -2.006 2.161)
				(xy -1.997 2.15) (xy -1.986 2.141) (xy -1.975 2.132) (xy -1.964 2.123) (xy -1.952 2.116) (xy -1.939 2.11)
				(xy -1.926 2.104) (xy -1.912 2.1) (xy -1.898 2.096) (xy -1.884 2.094) (xy -1.87 2.093) (xy -1.856 2.093)
				(xy -1.842 2.093) (xy -1.827 2.095) (xy -1.814 2.098) (xy -1.8 2.102) (xy -1.787 2.107) (xy -1.774 2.113)
				(xy -1.761 2.12) (xy -1.749 2.128) (xy -1.737 2.138) (xy -1.718 2.153) (xy -1.694 2.172) (xy -1.67 2.19)
				(xy -1.646 2.208) (xy -1.621 2.226) (xy -1.596 2.244) (xy -1.571 2.261) (xy -1.546 2.278) (xy -1.521 2.295)
